   0.0000    0.0042    0.0335    0.1131    0.2682    0.5238    0.9051    1.4373    2.1455    3.0549
   4.1905    5.5775    7.2411    9.2065   11.4987   14.1429   17.1642   20.5878   24.4389   28.7425
  33.5238   38.8080   44.6202   50.9855   57.9291   65.4762   73.6518   82.4811   91.9893  102.2015
 113.1429  124.8385  137.3135  150.5931  164.7025  179.6667  195.5109  212.2602  229.9398  248.5749
 268.1905  288.8118  310.4640  333.1722  356.9615  381.8571  407.8842  435.0678  463.4331  493.0053
 523.8095  555.8709  589.2145  623.8655  659.8491  697.1905  735.9147  776.0469  817.6122  860.6358
 905.1429  951.1585  998.7078 1047.8160 1098.5082 1150.8095 1204.7451 1260.3402 1317.6198 1376.6091
1437.3333 1499.8175 1564.0869 1630.1665 1698.0815 1767.8571 1839.5185 1913.0907 1988.5989 2066.0682
2145.5238 2226.9909 2310.4945 2396.0598 2483.7120 2573.4762 2665.3775 2759.4411 2855.6922 2954.1558
3054.8571 3157.8213 3263.0735 3370.6389 3480.5425 3592.8095 3707.4651 3824.5345 3944.0427 4066.0149
